url,name,address,city,state,phone
https://www.travisdhudgins.com/?utm_source=google&utm_medium=wix_google_business_profile&utm_campaign=14452479567557004419,Results,"235 N Washington St, Rutherfordton, NC 28139",Rutherfordton,NC,(828) 447-3063
https://atorvinencpa.com/,Results,"269 N Washington St, Rutherfordton, NC 28139",Rutherfordton,NC,(828) 395-8130
http://www.statoncpa.com/,Results,"393 S Oak St, Spindale, NC 28160",Spindale,NC,(828) 395-1080
http://www.michaelagraycpa.com/,Results,"147 E Court St, Rutherfordton, NC 28139",Rutherfordton,NC,(828) 287-8909
https://aryeeat.com/,Results,"211 W Main St, Spindale, NC 28160",Spindale,NC,(828) 395-1777
https://carolinataxservices.com/,Results,"662 E Main St, Spindale, NC 28160",Spindale,NC,(828) 287-9595
https://www.facebook.com/Mauneytaxes?mibextid=LQQJ4d,Results,"147 Mill St, Forest City, NC 28043",Forest City,NC,(828) 229-2236
https://splinternetmarketing.com/local-pros/north-carolina/spindale/koone-robert-c-cpa/,Results,"355 W Main St, Spindale, NC 28160",Spindale,NC,(828) 286-2711
https://www.gilberttalkstaxes.com/,Results,"704 Oak St, Forest City, NC 28043",Forest City,NC,(828) 289-9300
http://coffeystaxservice.com/,Results,"711 Tom's Lake Rd, Forest City, NC 28043",Forest City,NC,(828) 245-7450
http://www.rdsfinancialservices.com/,Results,"146 N Main St 2nd Floor, Suite 6, Rutherfordton, NC 28139",Rutherfordton,NC,(828) 513-0523
https://mangopractice.com/,Results,"141 Laurel Hill Dr, Rutherfordton, NC 28139",Rutherfordton,NC,(877) 520-1525
https://www.hrblock.com/tax-office-near-me/north-carolina/rutherfordton/32865/?otppartnerid=9308&campaignid=pw_mcm_9308_9762&utm_medium=local,Results,"197 Railroad Ave, Rutherfordton, NC 28139",Rutherfordton,NC,(828) 286-3376
http://www.stokescpas.com/,Results,"799 W Mills St, Columbus, NC 28722",Columbus,NC,(828) 859-5051
http://www.rutherfordcountync.gov/,Results,"145 College Ave A, Rutherfordton, NC 28139",Rutherfordton,NC,(828) 287-6180
http://foothillsbookkeeping.com/,Results,,Rutherfordton,NC,(828) 919-2491
http://www.peterlaneattorney.com/,Results,"131 E Court St, Rutherfordton, NC 28139",Rutherfordton,NC,(828) 287-5225
https://straightledgerbookkeeping.com/,Results,,Rutherfordton,NC,(828) 447-6270
https://www.farmermorris.com/personal-injury-lawyer/rutherfordton-nc/?utm_source=google&utm_medium=organic&utm_campaign=gmb-listing-rutherfordton,Results,"187 N Washington St, Rutherfordton, NC 28139",Rutherfordton,NC,(828) 374-9128
https://rrtaxsolution.com/,Results,"171 Gladys Rd, Forest City, NC 28043",Forest City,NC,(828) 676-9023
http://gmtaxservice.webstarts.com/,Results,"2064 Oakland Rd, Forest City, NC 28043",Forest City,NC,(704) 562-4839
https://www.rutherfordcountync.gov/departments/revenue_department_tax_administrator/index.php,Results,"145 College Ave, Rutherfordton, NC 28139",Rutherfordton,NC,(828) 287-6000
